== per minute (heartbeat minutes)
         min          utc client_audio client_video onn_audio_so onn_video_so onn_audio_rx    host_sent host_send_er host_sndbuf_ host_underfl onn_udp_rcvb onn_wlan_rx_ onn_wlan_rx_    onn_cpu_c   opal_soc_c  host_tctl_c host_nvme_s2
           1     18:46:15            3           22            0            0         2304        12001            0            0            2            0          296            0        61.84        61.17        41.08        39.18
           2     18:47:16            2            3            0            0         2304        12001            0            0            0            0          206            0        62.93         61.0        45.52        38.68
           3     18:48:16            3           17            0            0            0        12001            0            0            0            0          242            0        64.21         61.0        48.79        39.02
           4     18:49:16            4           16            0            0         2304        12000            0            0            0            0         4242            0        64.83        61.17        51.25        39.02
           5     18:50:16            0            0            0            0         2304        12001            0            0            0            0          199            0        65.57        61.17        52.27        39.68
           6     18:51:17            1            4            0            0         2304        12401            0            0            0            0          386            0        66.19        61.17        52.27        39.35
           7     18:52:17           11            2            0            0         2304        12000            0            0            0            0          178            0        66.66         61.5        52.98        39.85
           8     18:53:17           25            7            0            0         2304        12001            0            0            0            0         8398            0        67.01         61.5        53.02        39.68
           9     18:54:18           23           14            0            0            0        12001            0            0            0            0          276            0        67.25        63.83        53.88        40.02
          10     18:55:18           18            6            0            0         2304        12001            0            0            0            0         8335            0        67.84        63.17        54.62        40.85
          11     18:56:18           42           13            0            0         2304        12000            0            0            0            0          382            0        67.95         62.0        54.92        40.35
          12     18:57:18           39            7            0            0         2304        12001            0            0            0            0         4340            0         68.0        62.17        54.25        40.68
          13     18:58:19           24            2            0            0         2304        12001            0            0            0            0          280            0        68.06        62.17        54.58        41.68
          14     18:59:19           52           11            0            0         2304        12400            0            0            0            0          247            0         68.4         62.5        54.35        41.52
          15     19:00:19           65           96            0            0         2304        12001            0            0            0            0         4339            0        68.45        62.33        54.73        41.35
          16     19:01:20           31           12            0            0         4608        12001            0            0            0            0          244            0        68.65        62.17        55.79        42.02
          17     19:02:20           25            8            0            0         2304        12001            0            0            0            0         4406            0        68.79        62.33        55.42        41.02
          18     19:03:20           46           13            0            0         2304        12000            0            0            0            0          373            0        68.74         63.0        55.08        41.68
          19     19:04:20           59           24            0            0         2304        12001            0            0            0            0          320            0         68.7        62.67        55.38        42.18
          20     19:05:21           35           21            0            0         2304        12001            0            0            0            0         4369            0         68.7         63.0        54.67        42.35
          21     19:06:21           56           21            0            0            0        12401            0            0            0            0          340            0         68.6        62.83        54.73        41.68
          22     19:07:21           34           11            0            0         2304        12001            0            0            0            0        12360            0        68.88         63.0        55.46        41.85
          23     19:08:21           54            4            0            0            0        12000            0            0            0            0          349            0        68.82        62.83        55.65        42.35
          24     19:09:22           87            2            0            0         2304        12001            0            0            0            0          239            0        68.53         63.0         55.0        42.02

== host timer overruns (2 s ticks < 390 sent while active): 1 [('18:46:12', 359, 2.0)]

== step: minute 11 (18:56:18 UTC); after it the client lost 649
   onn audio-socket drops 0 (0.0%), video-socket drops 0
   host send_errors + SndbufErrors 0 (0.0%); overruns after 0
   onn stack after: Udp RcvbufErrors 0, wlan0 rx_drop 32588, rx_errs 0
   thermal at the step: {'onn_cpu_c': 67.95, 'opal_soc_c': 62.0, 'host_tctl_c': 54.92, 'host_nvme_s2_c': 40.35}

== READING: AIR -- neither end's counters move
   totals: client received 300453, client lost 848; host sent 301482, send_errors 0
   thresholds (first minute >= 30 / >= 100): {'onn_cpu_c': {'warn_30': 67.95, 'act_100': None}, 'opal_soc_c': {'warn_30': 62.0, 'act_100': None}, 'host_nvme_s2_c': {'warn_30': 40.35, 'act_100': None}, 'host_tctl_c': {'warn_30': 54.92, 'act_100': None}}
