== per session: audio / video loss per minute (heartbeat)
  Sa audio [4, 3, 6, 3, 3, 1, 3, 23, 12, 30, 31, 52, 28, 70, 77, 31, 88, 78, 35]  total 578
  Sa video [7, 2, 8, 0, 6, 2, 11, 53, 6, 0, 2, 6, 15, 6, 10, 9, 3, 4, 4]  total 154
  Sb audio [42, 53, 43, 28, 37, 48, 47, 37, 60, 35, 24, 43, 26, 40, 40, 61, 85, 24, 39]  total 812
  Sb video [21, 15, 11, 8, 15, 10, 14, 27, 8, 12, 10, 13, 16, 9, 9, 16, 15, 11, 18]  total 258
  Sc audio [1, 6, 5, 1, 3, 5, 34, 22, 31, 56, 63, 46, 67, 69, 70, 33, 69, 54, 37]  total 672
  Sc video [18, 15, 8, 9, 4, 15, 15, 8, 6, 2, 4, 1, 11, 20, 2, 4, 4, 6, 13]  total 165
  Sd audio [84, 50, 71, 129, 106, 47, 90, 82, 50, 57, 102, 91, 29, 74, 75, 72, 34, 73, 65]  total 1381
  Sd video [20, 11, 2, 2, 16, 5, 3, 5, 0, 7, 3, 0, 2, 2, 10, 0, 0, 16, 0]  total 104
  Sa: opening 4.3/min, ending 67.0/min
  Sb: opening 46.0/min, ending 49.3/min
  Sc: opening 4.0/min, ending 53.3/min
  Sd: opening 68.3/min, ending 57.3/min

== timeline, per wall-clock minute (signals) with audio loss where streaming
  utc     hottest_c k10temp/Tc amdgpu/edg cpu_mhz_mi encoder_cp cpu_therma thermal_st   rssi_dbm tx_link_mb rx_link_mb signal_avg tx_bitrate     tx_mcs tx_retry_r soc_temp_c      load1  audio/min
  15:15       38.52      29.27      26.83     400.00          -      54.62       0.00     -64.00     286.83     214.50     -78.00     109.47       2.50       0.18      58.17       1.32       -
  15:16       37.02      28.40      26.50     400.00          -      54.97       0.00     -64.33     283.67     117.00     -78.00      97.50       2.00       0.17      58.00       1.58       -
  15:17       37.68      28.77      26.83     400.00          -      55.56       0.00     -64.00     282.00     165.67     -78.00     113.80       2.50       0.02      58.00       1.58       -
  15:18       37.02      28.21      26.83     400.00          -      56.31       0.00     -64.33     303.17     175.00     -78.00     175.50       3.83       0.06      58.00       1.71       -
  15:19       36.85      27.94      26.33     400.00          -      57.19       0.00     -64.33     258.17     146.17     -78.00     182.00       4.00       0.01      58.00       1.52       -
  15:20       37.35      28.73      26.67     400.00          -      57.27       0.00     -64.33     263.00     175.00     -78.00     204.75       4.50       0.07      58.00       1.24       -
  15:21       37.02      27.94      26.67     400.00          -      57.54       0.00     -64.50     243.00     165.33     -78.00     185.25       4.17       0.18      58.17       1.14       -
  15:22       37.18      27.67      26.33     400.00          -      57.54       0.00     -64.50     281.67     136.50     -78.83     137.60       3.17       0.01      58.17       1.07       -
  15:23       37.18      27.90      26.33     400.00          -      57.96       0.00     -64.33     236.50     175.00     -78.00     104.07       2.33       0.05      58.00       1.11       -
  15:24       37.02      27.79      26.17     400.00          -      57.89       0.00     -64.17     272.17     175.00     -78.00      97.60       2.00       0.09      58.17       1.06       -
  15:25       36.85      27.65      26.33     400.00          -      58.25       0.00     -64.00     282.00     155.67     -78.00     173.37       3.50       0.08      58.00       1.05       -
  15:26       36.85      27.62      26.50     400.00          -      58.40       0.00     -64.17     247.33     117.00     -78.00     191.78       3.83       0.00      58.17       1.09       -
  15:27       36.85      27.65      26.33     400.00          -      58.26       0.00     -64.50     297.67     126.67     -78.00     139.78       3.17       0.08      58.00       1.06       -
  15:28       36.85      28.33      26.83     400.00          -      58.40       0.00     -64.17     270.67     117.00     -78.00     165.77       3.50       0.03      58.17       1.21       -
  15:29       37.18      27.90      26.17     400.00          -      58.98       0.00     -64.83     243.50     117.00     -78.00      85.83       1.50       0.02      58.00       1.11       -
  15:30       37.52      27.65      26.00     400.00          -      58.97       0.00     -64.00     284.17     117.00     -77.67      65.00       1.00       0.01      58.00       1.08       -
  15:31       37.18      27.65      26.50     400.00          -      59.13       0.00     -64.17     276.17     117.00     -78.00     113.77       2.17       0.00      58.00       1.09       -
  15:32       36.85      27.50      26.17     400.00          -      59.07       0.00     -64.50     309.67     165.33     -78.00     124.60       2.83       0.04      58.17       1.07       -
  15:33       36.85      27.73      26.17     400.00          -      58.83       0.00     -64.50     297.50     175.00     -78.00     113.80       2.50       0.08      58.00       1.08       -
  15:34       36.85      27.58      26.33     400.00          -      58.98       0.00     -64.17     281.33     126.67     -77.83     162.53       3.33       0.19      58.00       1.06       -
  15:35       36.85      27.50      26.50     400.00          -      58.87       0.00     -64.67     272.33     175.50     -78.00     151.73       3.00       0.12      58.00       1.11       -
  15:36       36.85      27.52      26.67     400.00          -      58.80       0.00     -64.67     292.17     117.00     -78.00     164.67       3.67       0.00      58.17       1.10       -
  15:37       36.85      27.52      26.33     400.00          -      58.64       0.00     -64.67     273.33     117.00     -78.00     160.40       1.67       0.00      58.17       1.06       -
  15:38       36.85      27.77      26.67     400.00          -      58.78       0.00     -64.67     314.00     126.67     -78.00     100.83       2.17       0.12      58.33       1.20       -
  15:39       37.02      27.56      26.33    1244.67          -      58.82       0.00     -64.67     272.83     155.83     -78.00     157.10       2.67       0.06      58.00       1.47       -
  15:40       37.18      27.42      26.00     830.83          -      59.53       0.00     -64.50     281.50     117.00     -78.00     138.12       2.67       0.03      58.00       1.41       -
  15:41       37.02      27.50      26.33     400.00          -      59.46       0.00     -64.67     308.50     126.67     -78.00     119.25       2.17       0.02      58.00       1.19       -
  15:42       37.02      27.54      26.17     400.00          -      59.44       0.00     -64.50     288.50     126.67     -78.00     117.03       1.67       0.02      58.17       1.11       -
  15:43       36.85      27.71      26.00     400.00          -      59.61       0.00     -64.83     283.50     117.00     -78.00     140.85       2.17       0.03      58.00       1.18       -
  15:44       36.85      27.42      26.00     400.00          -      59.39       0.00     -65.00     276.00     136.33     -78.00     130.00       1.33       0.00      58.17       1.15       -
  15:45       37.52      29.25      27.17     989.17          -      60.17       0.00     -64.83     243.67     146.00     -77.67     123.50       1.67       0.20      58.17       1.18       -
  15:46       39.80      39.54      31.83    2442.33      27.30      62.52       0.00     -66.00     260.00     117.00     -78.17     141.98       1.83       0.08      59.83       1.16       4
  15:47       43.96      43.96      34.67    3102.50      27.50      63.59       0.00     -66.00     260.00     126.67     -78.00     170.12       2.33       0.08      60.00       1.17       3
  15:48       47.21      47.21      37.33    2106.50      29.00      64.49       0.00     -66.00     260.00     126.67     -78.00     162.55       2.83       0.08      60.33       1.15       6
  15:49       49.60      49.60      39.17    2098.00      29.77      65.16       0.00     -66.00     260.00     117.00     -78.00     125.70       2.50       0.07      60.50       1.19       3
  15:50       50.73      50.73      40.33     816.83      30.00      65.88       0.00     -66.00     260.00     136.33     -78.00     127.02       2.50       0.07      60.50       1.15       3
  15:51       51.27      51.27      41.17    2047.50      31.52      66.19       0.00     -66.00     260.00     136.33     -78.00     189.62       3.33       0.10      61.00       1.08       1
  15:52       52.29      52.29      42.17    2034.50      31.50      66.61       0.00     -66.00     260.00     126.67     -78.00     140.30       2.50       0.07      61.00       1.06       3
  15:53       52.27      52.27      42.83    1995.17      30.28      66.98       0.00     -66.00     260.00     136.33     -78.00     146.28       2.67       0.09      61.00       1.10      23
  15:54       53.08      53.08      43.17    2049.17      31.68      67.18       0.00     -66.00     260.00     146.00     -78.00     129.50       2.17       0.11      61.00       1.36      12
  15:55       53.88      53.88      43.00    2932.83      31.52      67.61       0.00     -66.00     260.00     126.67     -78.00     138.20       2.33       0.06      61.00       1.65      30
  15:56       54.33      54.33      43.17    2142.33      30.23      67.84       0.00     -66.00     260.00     146.00     -78.00     216.73       3.00       0.08      61.33       1.71      31
  15:57       53.69      53.69      43.00    2216.17      26.03      68.01       0.00     -66.00     260.00     117.00     -78.00     109.43       1.67       0.09      61.17       1.68      52
  15:58       53.67      53.67      43.33    2529.17      25.38      68.05       0.00     -66.00     260.00     117.00     -78.00     170.13       2.67       0.07      61.33       1.60      28
  15:59       53.29      53.29      43.00    3174.67      25.67      68.19       0.00     -66.00     260.00     136.33     -78.00     124.87       2.33       0.13      61.50       1.61      70
  16:00       53.42      53.42      43.17    2641.17      25.35      68.27       0.00     -66.00     260.00     136.33     -78.00     140.90       1.67       0.08      61.17       1.62      77
  16:01       54.50      54.50      44.17    2505.83      25.60      68.46       0.00     -66.00     260.00     126.67     -78.00     151.73       2.33       0.06      62.00       1.55      31
  16:02       54.52      54.52      43.67    2515.83      25.70      68.47       0.00     -66.00     260.00     117.00     -78.00     146.78       2.33       0.07      61.50       1.34      88
  16:03       54.33      54.33      43.33    1639.50      25.88      68.45       0.00     -66.00     260.00     126.67     -78.00     161.30       2.67       0.06      61.67       1.25      78
  16:04       54.58      54.58      43.83    1223.33      26.10      68.70       0.00     -66.00     260.00     117.00     -78.00     125.72       2.17       0.05      61.33       1.15      35
  16:05       53.96      53.96      43.17     832.00      25.35      68.71       0.00     -66.00     260.00     146.00     -78.00     151.70       2.83       0.10      61.83       1.13       -
  16:06       47.62      47.62      39.67     400.00          -      64.64       0.00     -64.67     262.17     111.83     -78.00      95.42       0.50       0.03      60.33       1.10       -
  16:07       48.31      48.31      40.33    1670.33      27.40      67.17       0.00     -64.83     265.33     146.00     -78.00     145.18       2.00       0.12      61.17       1.15      42
  16:08       52.46      52.46      42.67    1626.50      27.12      67.38       0.00     -65.00     260.00     126.67     -78.00     126.37       2.50       0.08      61.67       1.20      53
  16:09       53.90      53.90      43.00    2046.00      26.90      67.57       0.00     -65.83     260.00     126.67     -78.00     151.72       2.33       0.06      62.00       1.12      43
  16:10       54.60      54.60      44.00    2453.00      26.98      67.62       0.00     -66.00     260.00     126.67     -78.00     131.12       2.33       0.06      62.00       1.04      28
  16:11       55.08      55.08      44.50    2426.33      26.93      68.00       0.00     -66.00     260.00     136.50     -78.00     144.15       2.17       0.07      62.00       1.06      37
  16:12       54.73      54.73      44.00    1632.67      27.17      68.12       0.00     -66.00     260.00     136.33     -78.00     162.57       2.67       0.14      62.00       1.08      48
  16:13       54.90      54.90      44.67    2988.50      26.78      68.27       0.00     -66.00     260.00     136.33     -78.00     105.87       3.00       0.08      62.17       1.12      47
  16:14       54.62      54.62      44.17     858.83      27.23      68.30       0.00     -66.00     255.67     155.67     -78.00     169.92       4.00       0.13      62.17       1.15      37
  16:15       54.58      54.58      44.17    2527.33      27.40      68.29       0.00     -66.00     260.00     146.00     -78.00     146.28       2.83       0.11      62.00       1.15      60
  16:16       55.65      55.65      44.83    2105.83      27.02      68.65       0.00     -66.00     260.00     117.00     -78.00     144.12       2.17       0.05      62.00       1.10      35
  16:17       55.54      55.54      45.00    1644.17      27.20      68.58       0.00     -66.00     260.00     126.67     -78.00     180.98       3.00       0.09      62.00       1.10      24
  16:18       55.04      55.04      44.50    2044.33      26.97      68.64       0.00     -66.00     260.00     117.00     -78.00     144.15       2.67       0.06      62.17       1.10      43
  16:19       55.12      55.12      44.50    2474.33      26.85      68.44       0.00     -66.00     260.00     141.00     -78.00     117.08       2.17       0.10      62.17       1.10      26
  16:20       54.50      54.50      44.17    2466.00      26.85      68.49       0.00     -66.00     260.00     136.33     -78.00     130.03       2.33       0.05      62.00       1.28      40
  16:21       54.56      54.56      44.17    2043.00      26.73      68.45       0.00     -66.00     260.00     136.33     -78.00     149.53       2.67       0.09      62.17       1.56      40
  16:22       55.02      55.02      44.17    2466.33      26.85      68.55       0.00     -66.00     260.00     126.67     -78.00     171.20       3.00       0.06      62.00       1.44      61
  16:23       55.10      55.10      44.33    2034.83      26.18      68.72       0.00     -66.00     260.00     126.67     -78.00     138.72       1.83       0.07      62.50       1.37      85
  16:24       54.73      54.73      44.17    2856.00      26.93      68.68       0.00     -66.00     260.00     126.67     -78.00     117.37       1.83       0.05      62.17       1.29      24
  16:25       55.15      55.15      44.17    2082.33      27.00      68.74       0.00     -66.00     260.00     126.67     -78.00     173.37       3.17       0.09      62.33       1.12      39
  16:26       54.52      54.52      44.67    2036.17      26.80      68.86       0.00     -66.00     260.00     126.67     -78.00     149.57       1.67       0.07      62.00       1.17       -
  16:27       50.02      50.02      40.83     807.00      26.50      65.00       0.00     -65.00     281.50     117.00     -78.00     160.33       3.33       0.05      61.67       1.15       -
  16:28       41.69      40.75      36.00     400.00          -      61.45       0.00     -64.00     303.17     117.00     -77.50     151.13       3.33       0.00      60.33       1.12       -
  16:29       41.02      36.50      34.17     400.00          -      59.42       0.00     -64.00     277.50     117.00     -77.00      80.20       1.67       0.00      60.33       1.12       -
  16:30       41.02      34.42      32.67     400.00          -      57.98       0.00     -64.00     278.17     117.00     -77.00      65.00       1.00       0.00      60.00       1.11       -
  16:31       40.85      33.17      31.83     400.00          -      56.31       0.00     -64.00     277.17     117.00     -77.00      65.00       1.00       0.02      60.00       1.05       -
  16:32       40.85      32.19      30.50     400.00          -      55.19       0.00     -64.00     282.50     117.00     -77.00      79.07       1.67       0.00      60.00       1.11       -
  16:33       40.68      31.56      30.00     400.00          -      54.24       0.00     -64.00     277.17     117.00     -77.00      87.80       2.00       0.00      60.00       1.07       -
  16:34       40.52      30.85      29.33     400.00          -      53.48       0.00     -64.00     335.67     117.00     -77.00      87.80       2.00       0.00      60.00       1.05       -
  16:35       39.85      30.38      29.00     832.33          -      52.89       0.00     -64.00     308.50     117.00     -77.00      87.80       2.00       0.00      60.00       1.14       -
  16:36       39.85      30.15      28.67     400.00          -      52.30       0.00     -64.00     292.17     117.00     -77.00     195.00       4.00       0.00      60.00       1.38       -
  16:37       39.52      29.85      28.17     400.00          -      54.59       0.00     -64.00     287.83     136.50     -77.83     112.17       2.50       0.04      59.83       1.61       -
  16:38       39.52      29.71      28.00     400.00          -      55.80       0.00     -64.00     289.00     117.00     -78.00     202.97       4.33       0.00      59.50       1.60       -
  16:39       39.35      29.38      28.00     400.00          -      55.99       0.00     -64.17     259.83     175.50     -78.00     133.10       3.33       0.14      59.50       1.62       -
  16:40       39.18      29.10      27.83     400.00          -      56.86       0.00     -64.00     287.33     156.00     -78.00     115.80       2.83       0.16      59.50       1.59       -
  16:41       38.85      28.94      28.00     400.00          -      57.50       0.00     -64.17     237.67     185.17     -78.00     139.77       3.17       0.22      59.50       1.56       -
  16:42       38.68      28.81      27.50     400.00          -      57.66       0.00     -64.17     287.83     165.33     -78.00     117.07       2.50       0.06      59.17       1.56       -
  16:43       38.35      29.00      27.33     400.00          -      57.88       0.00     -64.33     267.50     117.00     -78.00     195.00       4.00       0.00      59.00       1.33       -
  16:44       38.68      28.75      27.50     400.00          -      58.11       0.00     -64.00     258.00     136.50     -78.00     195.00       4.00       0.01      59.00       1.18       -
  16:45       38.52      28.56      27.33     400.00          -      58.21       0.00     -64.50     272.83     175.50     -78.00     122.13       3.17       0.15      59.17       1.22       -
  16:46       38.35      28.52      27.17     400.00          -      58.40       0.00     -64.00     287.00     190.00     -78.00     126.97       3.50       0.13      59.00       1.12       -
  16:47       37.85      28.54      27.33     400.00          -      58.39       0.00     -64.33     282.00     175.50     -78.00     100.83       2.17       0.11      59.00       1.08       -
  16:48       38.02      28.71      27.17     400.00          -      58.47       0.00     -64.83     243.17     136.50     -78.00      97.60       2.00       0.01      59.00       1.06       -
  16:49       37.85      28.46      27.00     400.00          -      58.59       0.00     -64.83     270.67     156.00     -78.00     140.67       3.00       0.11      59.00       1.05       -
  16:50       38.02      28.33      27.00     400.00          -      58.68       0.00     -65.00     270.67     199.50     -78.00     151.67       3.33       0.10      59.17       1.17       -
  16:51       38.02      28.23      27.00     400.00          -      59.06       0.00     -64.67     272.83     175.00     -78.00     140.83       3.17       0.06      59.00       1.08       -
  16:52       38.02      28.21      27.00     400.00          -      58.94       0.00     -65.00     283.00     165.67     -78.00     165.75       3.83       0.25      59.00       1.08       -
  16:53       37.85      28.40      27.00     829.33          -      59.06       0.00     -64.67     303.17     107.00     -78.00     208.00       4.33       0.01      59.00       1.16       -
  16:54       37.68      28.27      26.83     400.00          -      59.30       0.00     -64.67     276.00     136.00     -78.00     130.00       3.17       0.03      59.00       1.08       -
  16:55       37.85      28.10      26.83     400.00          -      58.97       0.00     -65.00     257.50     165.33     -78.00     141.93       3.17       0.11      59.00       1.12       -
  16:56       37.52      28.08      26.83     400.00          -      58.79       0.00     -65.00     271.33     175.00     -78.00     108.40       2.33       0.13      59.00       1.06       -
  16:57       37.68      28.54      26.67     814.33          -      59.05       0.00     -65.00     314.17     175.00     -78.00     125.70       2.67       0.10      59.00       1.11       -
  16:58       39.27      35.38      30.17    2088.33      26.80      61.34       0.00     -65.50     256.17     146.00     -78.00     121.40       1.67       0.10      59.67       1.13       1
  16:59       43.48      43.48      34.33    2994.17      26.38      62.73       0.00     -66.00     260.00     126.67     -78.00     140.85       2.00       0.11      60.33       1.18       6
  17:00       46.40      46.40      36.83    1233.33      26.48      63.71       0.00     -66.00     265.33     136.33     -78.00     150.68       1.67       0.07      60.83       1.14       5
  17:01       49.21      49.21      39.33     840.83      26.73      64.68       0.00     -66.00     260.00     131.33     -78.00     159.78       3.33       0.10      61.00       1.15       1
  17:02       51.04      51.04      40.00    1620.67      26.57      65.50       0.00     -66.00     260.00     136.33     -78.00     171.23       2.33       0.10      61.00       1.80       3
  17:03       51.56      51.56      41.67    1633.50      26.45      65.98       0.00     -66.00     260.00     126.67     -78.00     115.43       1.67       0.07      61.00       1.61       5
  17:04       52.73      52.73      41.83    1603.67      26.68      66.54       0.00     -66.00     260.00     136.33     -78.00     161.17       3.67       0.08      61.00       1.34      34
  17:05       52.58      52.58      42.00    2848.50      26.45      66.63       0.00     -66.00     260.00     136.33     -78.00     115.55       2.67       0.11      61.00       1.18      22
  17:06       52.75      52.75      43.00    2045.00      26.23      67.33       0.00     -66.00     260.00     126.67     -78.00     166.37       2.17       0.09      61.00       1.19      31
  17:07       54.27      54.27      44.00    2585.17      26.63      67.54       0.00     -66.00     260.00     117.00     -78.00     156.60       2.50       0.06      61.67       1.14      56
  17:08       54.35      54.35      43.33    2563.50      27.05      67.86       0.00     -66.00     260.00     126.67     -78.00     154.97       2.33       0.08      61.67       1.11       -
  17:09       54.27      54.27      43.83    2898.00      26.45      68.04       0.00     -66.00     260.00     136.33     -78.00     171.18       2.33       0.09      61.67       1.09      63
  17:10       54.48      54.48      43.50    1244.67      26.93      68.22       0.00     -66.00     260.00     136.33     -78.00     177.72       2.83       0.09      61.33       1.12      46
  17:11       53.83      53.83      43.33    2100.00      26.43      68.43       0.00     -66.00     260.00     126.67     -78.00     122.43       1.83       0.09      61.67       1.12      67
  17:12       53.71      53.71      43.67    1219.00      26.52      68.27       0.00     -66.00     260.00     146.00     -78.00     113.72       2.17       0.12      61.83       1.15      69
  17:13       54.71      54.71      44.17    1264.00      26.70      68.75       0.00     -66.00     260.00     117.00     -78.00     159.30       2.83       0.08      62.00       1.11      70
  17:14       54.73      54.73      44.00    3020.33      27.03      68.66       0.00     -66.00     260.00     136.33     -78.00     117.37       2.83       0.09      62.00       1.05      33
  17:15       54.42      54.42      44.17     825.83      27.23      68.99       0.00     -66.00     260.00     126.67     -78.00     155.47       2.83       0.08      61.83       1.07      69
  17:16       55.10      55.10      44.50    2102.83      27.08      68.92       0.00     -66.83     230.67     117.00     -79.00     135.47       2.50       0.06      62.17       1.06      54
  17:17       54.40      54.40      43.67    1635.17      26.63      68.83       0.00     -67.17     213.33     117.00     -79.83     126.60       2.83       0.09      62.00       1.10      37
  17:18       52.02      52.02      42.67     400.00      27.40      66.46       0.00     -65.50     254.50     146.00     -79.00     135.43       3.00       0.07      61.67       1.40       -
  17:19       46.00      46.00      39.17     400.00      25.55      65.46       0.00     -65.83     265.83     155.67     -79.17     106.42       2.33       0.10      61.17       1.56       -
  17:20       51.58      51.58      41.50     810.00      25.37      67.06       0.00     -66.83     249.17     126.67     -79.67     130.15       3.00       0.08      62.17       1.61      84
  17:21       52.81      52.81      42.50    2030.50      25.18      67.41       0.00     -66.50     238.83      92.33     -80.33      99.97       1.83       0.10      62.67       1.61      50
  17:22       54.29      54.29      43.33     839.00      24.97      67.61       0.00     -66.67     249.17     117.00     -82.17     163.00       3.17       0.05      62.33       1.67      71
  17:23       54.71      54.71      44.00    2036.33      24.75      67.77       0.00     -66.50     260.00     126.67     -82.83     123.57       2.67       0.06      62.33       1.66     129
  17:24       54.46      54.46      43.67    1644.17      24.53      67.68       0.00     -67.00     260.00     117.00     -82.33     141.88       3.33       0.08      62.50       1.62     106
  17:25       54.40      54.40      43.83    2142.17      24.38      67.69       0.00     -67.00     227.50     117.00     -82.17      92.93       2.00       0.06      62.83       1.55      47
  17:26       54.19      54.19      43.83    1668.50      25.25      67.82       0.00     -66.67     260.00     126.67     -82.50     135.02       2.50       0.04      62.50       1.33      90
  17:27       54.19      54.19      44.00    2145.83      25.60      67.79       0.00     -66.83     260.00     117.00     -82.33     148.02       3.00       0.07      62.50       1.25      82
  17:28       54.79      54.79      44.00    2630.00      25.32      68.16       0.00     -67.00     216.67     117.00     -83.17     124.62       1.83       0.05      63.00       1.21      50
  17:29       55.56      55.56      44.67    2350.00      25.17      68.23       0.00     -67.00     238.33     117.00     -84.33     120.83       2.67       0.05      62.83       1.14      57
  17:30       55.02      55.02      44.33    2267.17      25.83      68.05       0.00     -67.00     234.00     117.00     -84.67      97.57       2.17       0.05      62.83       1.11     102
  17:31       54.56      54.56      44.00    2037.17      25.32      68.03       0.00     -67.00     249.17     117.00     -83.50     145.67       3.00       0.06      62.83       1.09      91
  17:32       54.31      54.31      44.00     809.17      25.93      68.05       0.00     -67.00     249.17     117.00     -83.00     151.68       3.00       0.07      62.67       1.06      29
  17:33       54.19      54.19      43.50    1218.50      26.17      68.02       0.00     -66.67     249.17     136.33     -83.67     135.45       2.67       0.07      63.00       1.08      74
  17:34       54.46      54.46      43.50    2437.50      25.48      68.06       0.00     -66.00     260.00     117.00     -84.33     113.80       2.33       0.07      62.83       1.08      75
  17:35       55.31      55.31      44.33    1631.83      25.65      68.17       0.00     -66.67     249.17     117.00     -84.83     140.87       2.83       0.03      63.00       1.06      72
  17:36       55.02      55.02      44.33    1635.50      26.08      68.13       0.00     -67.33     238.33     117.00     -82.83     143.77       3.00       0.06      62.83       1.14      34
  17:37       55.08      55.08      44.00    1625.83      25.87      68.08       0.00     -67.50     249.17     117.00     -84.00     119.23       2.17       0.05      62.83       1.11      73
  17:38       54.92      54.92      44.00    2157.33      26.22      68.08       0.00     -67.00     238.33     126.67     -80.50     133.28       2.50       0.10      63.50       1.15      65
  17:39       53.35      53.35      43.17    2049.17      26.68      66.59       0.00     -66.67     265.33     117.00     -80.50     137.63       2.33       0.06      62.33       1.13       -
  17:40       44.30      43.88      38.00     400.00          -      62.18       0.00     -65.83     292.17     117.00     -81.67     146.27       2.17       0.06      61.00       1.09       -
  17:41       41.35      37.50      34.67     400.00          -      59.77       0.00     -65.00     292.33     117.00     -81.33     182.00       3.50       0.00      61.00       1.14       -
  17:42       40.85      35.75      34.00     400.00          -      58.68       0.00     -65.00     234.00     117.00     -79.00     117.00       1.00       0.00      61.00       1.15       -

== Spearman rho, audio loss/min vs signal, all session minutes (n = 76)
  +0.644  opal.soc_temp_c   <-- |rho| >= 0.6
  +0.628  host.nvme/Sensor 2   <-- |rho| >= 0.6
  +0.607  host.nvme/Composite   <-- |rho| >= 0.6
  +0.607  host.nvme/Sensor 1   <-- |rho| >= 0.6
  -0.592  host.encoder_cpu_pct
  +0.526  streaming_minutes_since_run_start (context)
  -0.479  opal.signal_avg_dbm
  +0.437  onn.cpu_thermal_c
  -0.433  onn.rssi_dbm
  -0.427  onn.link_mbps
  -0.427  onn.tx_link_mbps
  +0.423  host.hottest_c
  +0.423  host.k10temp/Tctl
  -0.410  opal.rx_mcs
  +0.408  host.amdgpu/edge
  -0.398  opal.rx_bitrate_mbps
  -0.344  opal.signal_dbm
  -0.295  opal.tx_bitrate_mbps
  -0.294  opal.tx_pkts_per_s
  -0.190  opal.tx_retry_ratio
  -0.184  onn.rx_link_mbps
  -0.107  host.cpu_mhz_min
  +0.080  opal.load1
  +0.043  opal.tx_mcs
  -0.015  host.retroarch_cpu_pct
  -0.014  host.cpu_mhz_mean
  video loss/min vs audio loss/min: -0.116

== idle recovery: S-a opening -> S-b ending -> idle end -> S-c opening
  FLAT      host.cpu_mhz_mean                  3755.17 ->   3489.06 ->   2336.17 ->   3603.50 (recovered -)
  FLAT      host.cpu_mhz_min                   2550.44 ->   2324.89 ->    607.17 ->   2112.56 (recovered -)
  FLAT      host.eno1_rx_drop_delta               0.00 ->      0.00 ->      0.00 ->      0.00 (recovered -)
  FLAT      host.eno1_rx_errs_delta               0.00 ->      0.00 ->      0.00 ->      0.00 (recovered -)
  FLAT      host.eno1_tx_drop_delta               0.00 ->      0.00 ->      0.00 ->      0.00 (recovered -)
  FLAT      host.eno1_tx_errs_delta               0.00 ->      0.00 ->      0.00 ->      0.00 (recovered -)
  FLAT      onn.link_mbps                       260.00 ->    260.00 ->    292.67 ->    261.78 (recovered -)
  FLAT      onn.rssi_dbm                        -66.00 ->    -66.00 ->    -65.00 ->    -66.00 (recovered -)
  FLAT      onn.rx_link_mbps                    123.44 ->    129.89 ->    179.92 ->    125.00 (recovered -)
  FLAT      onn.thermal_status                    0.00 ->      0.00 ->      0.00 ->      0.00 (recovered -)
  FLAT      onn.tx_link_mbps                    260.00 ->    260.00 ->    292.67 ->    261.78 (recovered -)
  FLAT      opal.inactive_ms                      0.00 ->      0.00 ->   1000.00 ->      0.00 (recovered -)
  FLAT      opal.load1                            1.16 ->      1.24 ->      1.08 ->      1.14 (recovered -)
  FLAT      opal.rx_bitrate_mbps                261.81 ->    260.00 ->    257.04 ->    260.00 (recovered -)
  FLAT      opal.rx_mcs                           5.06 ->      5.00 ->      5.33 ->      5.00 (recovered -)
  FLAT      opal.signal_avg_dbm                 -78.06 ->    -78.00 ->    -78.00 ->    -78.00 (recovered -)
  FLAT      opal.signal_dbm                     -77.33 ->    -77.61 ->    -77.25 ->    -77.72 (recovered -)
  FLAT      opal.tx_bitrate_mbps                158.22 ->    151.83 ->    120.85 ->    145.76 (recovered -)
  FLAT      opal.tx_mcs                           2.33 ->      2.28 ->      2.58 ->      2.06 (recovered -)
  FLAT      opal.tx_pkts_per_s                 1162.05 ->   1161.77 ->      7.08 ->   1162.77 (recovered -)
  FLAT      opal.tx_retry_ratio                   0.08 ->      0.08 ->      0.13 ->      0.09 (recovered -)
  RESET     host.amdgpu/edge                     34.61 ->     44.28 ->     26.83 ->     35.50 (recovered 180%)
  RESET     host.hottest_c                       43.66 ->     54.94 ->     37.60 ->     44.80 (recovered 154%)
  RESET     host.k10temp/Tctl                    43.57 ->     54.94 ->     28.07 ->     44.67 (recovered 236%)
  RESET     host.nvme/Composite                  34.85 ->     38.85 ->     35.10 ->     35.85 (recovered 94%)
  RESET     host.nvme/Sensor 1                   34.85 ->     38.85 ->     35.10 ->     35.85 (recovered 94%)
  RESET     host.nvme/Sensor 2                   38.18 ->     41.57 ->     37.60 ->     39.29 (recovered 117%)
  RESET     onn.cpu_thermal_c                    63.53 ->     68.73 ->     58.89 ->     63.26 (recovered 189%)
  RESET     opal.soc_temp_c                      60.06 ->     62.28 ->     59.00 ->     60.56 (recovered 148%)
  audio loss: S-a opening 4.3 -> S-b ending 49.3 -> S-c opening 4.0

== READING: MIXED
  host signals implicated ['host.nvme/Composite', 'host.nvme/Sensor 1', 'host.nvme/Sensor 2'] but reset test: host ['host.nvme/Composite', 'host.nvme/Sensor 1', 'host.nvme/Sensor 2'], others ['opal.soc_temp_c']
  implicated: ['host.nvme/Composite', 'host.nvme/Sensor 1', 'host.nvme/Sensor 2', 'opal.soc_temp_c']
  threshold proposal host.nvme/Composite: warn (loss >= 30/min first) 36.85, act (>= 100/min first) 38.85
  threshold proposal host.nvme/Sensor 1: warn (loss >= 30/min first) 36.85, act (>= 100/min first) 38.85
  threshold proposal host.nvme/Sensor 2: warn (loss >= 30/min first) 40.016666666666666, act (>= 100/min first) 42.35
  threshold proposal opal.soc_temp_c: warn (loss >= 30/min first) 61.0, act (>= 100/min first) 62.333333333333336
