status file                                        received   lost    sent*     LB per-player deficit
c3_l3a_s1_2026-09-24/runs/status_H1.json             371925   5014   377480   4359 [649, 2616, 1094, 0]
c3_l3a_s1_2026-09-24/runs/status_H2.json             350265   3475   354321   2951 [651, 1640, 660, 0]
c3_l3a_s1_2026-09-24/runs/status_H3.json             348191   3148   351905   2845 [524, 1641, 680, 0]
c3_l3a_s1_2026-09-24/runs/status_T0.json              43959    773    45235    669 [142, 381, 146, 0]
c3_l3a_s1_2026-09-24/runs/status_T1.json             372857   5323   378651   4755 [806, 2799, 1150, 0]
c3_l3a_s1_2026-09-24/runs/status_T2.json             349743   2893   353181   2513 [467, 1467, 579, 0]
c3_l3a_s1_2026-09-24/runs/status_T3.json             346228   3424   350190   3168 [681, 1805, 682, 0]
ctrl_l1_2026-09-24/runs/status_C.json                522666    171   523128    114 [0, 21, 36, 57]
ctrl_l1_2026-09-24/runs/status_W1.json               523926    268   524552    106 [0, 27, 41, 38]
ctrl_l1_2026-09-24/runs/status_W2.json               523098    305   523684    142 [0, 41, 39, 62]
d_base_closeout_2026-09-23/runs/status_C.json        511902  12653   525109  11690 [2369, 6879, 2442, 0]
d_base_closeout_2026-09-23/runs/status_W.json        513921  13647   528162  12815 [2609, 7520, 2686, 0]
d_base_p10_2026-09-23/runs/status_A1.json            257249   4064   261913   3739 [432, 2418, 889, 0]
d_base_p10_2026-09-23/runs/status_A2.json            257897   3451   261938   3087 [441, 1964, 682, 0]
d_base_p10_2026-09-23/runs/status_B1.json            257039   3201   260762   2949 [423, 1817, 709, 0]
d_base_p10_2026-09-23/runs/status_B2.json            257697   3099   261389   2779 [432, 1726, 621, 0]
d_base_p10_2026-09-23/runs/status_W.json             308867   4761   314173   4385 [552, 2849, 984, 0]
d_base_p10_2026-09-23/runs/status_W1.json            128888   1876   131276   1668 [218, 1076, 374, 0]
d_base_p10_2026-09-23/runs/status_W2.json            131550   1474   133541   1338 [152, 829, 357, 0]
d_base_p5_2026-09-21/status_A.json                   528876    132   527509    908 [0, 168, 340, 400]
d_base_p5_2026-09-21/status_B.json                   528620    172   526942   1164 [0, 205, 432, 527]
d_base_p6_2026-09-21/status_A0.json                  530451    161   527194   1705 [0, 261, 626, 818]
d_base_p6_2026-09-21/status_A0prime.json             529678     46   526955   1514 [0, 236, 528, 750]
d_base_p6_2026-09-21/status_A0r2.json                530166    109   526950   1402 [0, 229, 508, 665]
d_base_p6_2026-09-21/status_A1.json                  530990    211   526704   2062 [0, 298, 748, 1016]
d_base_p6_2026-09-21/status_A1r2.json                529757     62   527401   1371 [0, 220, 490, 661]
d_base_p6_2026-09-21/status_A2.json                  531819     76   528765   1673 [0, 291, 585, 797]
d_base_p6_2026-09-21/status_B1.json                  533772    388   527658   2060 [0, 366, 749, 945]
d_base_p6a_2026-09-22/status_U0.json                  27571     10    27904    157 [0, 31, 63, 63]
d_base_p6a_2026-09-22/status_V1.json                 532289    110   528669   1683 [0, 253, 636, 794]
d_base_p7_2026-09-22/status_P7.json                  526559     72   526717    257 [0, 56, 90, 111]
d_base_p8_2026-09-22/runs/status_A.json              528353    174   527946    539 [0, 97, 208, 234]
d_base_p8_2026-09-22/runs/status_B.json              529694    174   528690    874 [0, 160, 327, 387]
d_base_p8_2026-09-22/runs/status_C.json              529705     99   529412    627 [0, 138, 229, 260]
d_base_p9_2026-09-23/runs/status_A2.json             523523     47   523705    217 [0, 52, 76, 89]
d_base_p9_2026-09-23/runs/status_B.json              521272    130   521685    156 [0, 30, 55, 71]
d_base_p9_2026-09-23/runs/status_Bp.json             523128     99   523593    148 [0, 34, 47, 67]
d_base_p9a_2026-09-23/runs/status_A3.json            522658     43   523173     78 [0, 17, 30, 31]
d_base_p9a_2026-09-23/runs/status_A4.json            522116    148   522616    136 [0, 35, 46, 55]
d_base_p9a_2026-09-23/runs/status_B2.json            522332    147   522890    160 [0, 43, 54, 63]
d_base_p9a_2026-09-23/runs/status_B3.json            523611    179   524106    153 [0, 13, 61, 79]
d_base_s3_2026-09-22/status_S3.json                 4752577    551  4749746   1687 [0, 309, 609, 769]
d_base_t2_2026-09-23/runs/status_Sa.json             517067   6118   523800   5737 [1035, 3395, 1307, 0]
d_base_t2_2026-09-23/runs/status_Sb.json             517477   6787   524844   6455 [1146, 3828, 1481, 0]
d_base_t2_2026-09-23/runs/status_Sc.json             515320   6004   521913   5476 [1022, 3207, 1247, 0]
d_base_t2_2026-09-23/runs/status_Sd.json             512225   9323   522110   8399 [1314, 5171, 1914, 0]
d_base_t3_2026-09-23/runs/status_T3.json             641341  10667   652598   9735 [1343, 6182, 2210, 0]
* packets_sent at the client's report snapshot (BACK); the host keeps receiving ~1-8 s after it
